1.000000000000000000e+00 1.922358011733184348e-17 -2.634479986015662303e-18 0.000000000000000000e+00 1.925284793543317492e-17 1.000000000000000000e+00 -1.003964874562099209e-18 0.000000000000000000e+00 -8.132412376015821624e-18 -3.128845027632934163e-20 9.999999999999998890e-01 0.000000000000000000e+00
9.999999994200049480e-01 -1.681257023187828718e-07 3.405821481465495386e-05 1.767866381854954136e-02 1.709899526023557104e-07 9.999999964636920868e-01 -8.409867291176399630e-05 -4.368798969105289090e-04 -3.405820055507981833e-05 8.409867868658333972e-05 9.999999958837255676e-01 -4.689003986990659088e-04
9.999999310193469215e-01 -3.627882673144364927e-04 7.966162597739887149e-05 4.097878091428427960e-02 3.628080203786637086e-04 9.999999034113841168e-01 -2.480878133501116791e-04 -1.343683155361396521e-03 -7.957161493507208870e-05 2.481166981136494567e-04 9.999999660532303825e-01 -7.929588593024980469e-04
9.999996180670818191e-01 -8.693442127256165034e-04 9.003516297478114606e-05 6.500403989424960449e-02 8.693745157502705224e-04 9.999995652829879456e-01 -3.370783092242696580e-04 -2.267594706876185570e-03 -8.974208675762504613e-05 3.371564547591701221e-04 9.999999391359394307e-01 -1.228480166255434660e-03
9.999987745170474396e-01 -1.549141716804405301e-03 2.261069316955275656e-04 9.223956122121290679e-02 1.549250054427782223e-03 9.999986848277768736e-01 -4.797572153679815674e-04 -3.423152193790378328e-03 -2.253634224097264907e-04 4.801069236099084984e-04 9.999998593543248937e-01 -1.779823934944044532e-03
9.999964388924317271e-01 -2.664543370744831222e-03 1.497033094681982730e-04 1.254130185966854105e-01 2.664640539642773413e-03 9.999962368490509235e-01 -6.526703083013116148e-04 -4.124048456031619535e-03 -1.479636777688048989e-04 6.530668895794536095e-04 9.999997758051688557e-01 -3.001324122395830976e-03
9.999911330336235249e-01 -4.207529960286191494e-03 -1.747734625853946332e-04 1.606427165297685256e-01 4.207394139608736615e-03 9.999908521518288129e-01 -7.703552512393887965e-04 -5.089241533068983477e-03 1.780131565839280388e-04 7.696130796830247646e-04 9.999996880034630609e-01 -4.830564106542737171e-03
9.999767025252500607e-01 -6.647667314036817716e-03 -1.550137416300388302e-03 2.080235433982016990e-01 6.646343991259483219e-03 9.999775453430878036e-01 -8.572754298626911315e-04 -6.096890287087920052e-03 1.555801490350737330e-03 8.469527110075399448e-04 9.999984310751831584e-01 -8.375697744197468930e-03
9.999446310491607592e-01 -9.830249213357098587e-03 -3.755134666185380981e-03 2.651581843910576497e-01 9.827017547832411770e-03 9.999513281634767603e-01 -8.780832611192247554e-04 -6.212785125911543527e-03 3.763583674171636952e-03 8.411328683112232396e-04 9.999925639390651044e-01 -1.392780882852976201e-02
9.998775879159873536e-01 -1.444686436785051070e-02 -6.008102299728359727e-03 3.454943728895324973e-01 1.444195831641228306e-02 9.998953403656588579e-01 -8.591594905464959662e-04 -6.559465558115522114e-03 6.019885654568852239e-03 7.722855560693355935e-04 9.999815821062535415e-01 -1.933053192358446387e-02
9.997769548636845638e-01 -1.999611957236730950e-02 -6.796743745772479417e-03 4.377607900539091657e-01 1.999164294597239114e-02 9.997998835793393546e-01 -7.259525192737598196e-04 -5.873588504079634703e-03 6.809899839121167850e-03 5.899125249343838834e-04 9.999766383608139630e-01 -2.423164612305434007e-02
9.996115070349907983e-01 -2.708055830123559313e-02 -6.593812654928657424e-03 5.583634336621138283e-01 2.707965698390716464e-02 9.996332533106688789e-01 -2.259494676958573583e-04 -3.735028071428599192e-03 6.597513233700436769e-03 4.730350300559473415e-05 9.999782350538983788e-01 -2.940439478530933529e-02
9.993795977195865099e-01 -3.458310807861993130e-02 -6.665455532845795082e-03 6.853221776758753325e-01 3.458565131913773211e-02 9.994017018343581693e-01 2.666334936225909428e-04 3.132583272266417401e-04 6.652246588099967710e-03 -4.969971945373526968e-04 9.999777500570298239e-01 -3.510136203350103928e-02
9.990580829259301243e-01 -4.285306211915440588e-02 -6.823635935288656189e-03 8.267077698560757471e-01 4.285931096664298556e-02 9.990808192030506962e-01 7.721165880635207221e-04 4.953537326663506185e-03 6.784276220060016759e-03 -1.063845652739769682e-03 9.999764206363052077e-01 -4.129927039895585350e-02
9.985815549929669688e-01 -5.285319626608175891e-02 -6.435656321431589347e-03 9.987614559733243302e-01 5.285802320957089934e-02 9.986018678569760221e-01 5.821468331861352850e-04 1.166309158707972554e-02 6.395890102637045993e-03 -9.214971611243195785e-04 9.999791214984324883e-01 -4.929427844437402062e-02
9.980323384772865625e-01 -6.237994641065974094e-02 -6.339845373695072485e-03 1.169965876020942153e+00 6.238207571228478188e-02 9.980523320218528394e-01 1.384758759468738643e-04 1.979231428604527609e-02 6.318859342153559412e-03 -5.336961163999874753e-04 9.999798933903967235e-01 -5.707872676297637282e-02
9.973254683230344808e-01 -7.282031435895518212e-02 -6.253962815909220457e-03 1.373811735048540372e+00 7.282121175402805902e-02 9.973450075048136965e-01 -8.440318782508150872e-05 3.238428931551789319e-02 6.243504858238104263e-03 -3.712437016935495071e-04 9.999804402213069432e-01 -6.707008867828366527e-02
9.966056590764995615e-01 -8.207803507423122591e-02 -6.352673063309326185e-03 1.572810428233137214e+00 8.208447030729036642e-02 9.966250871556352475e-01 7.585422821804561552e-04 4.736556606720103424e-02 6.268973685349792276e-03 -1.277423334507006049e-03 9.999795338698469482e-01 -7.729416173975818538e-02
9.958358518684038430e-01 -9.092468602467111694e-02 -6.607390169010561934e-03 1.806217579898213854e+00 9.093931419263186211e-02 9.958545314614281052e-01 1.947640088195146547e-03 6.741587763526246668e-02 6.402910877434639207e-03 -2.540401356933824802e-03 9.999762742651652214e-01 -8.888129442127150337e-02
9.952267161877687007e-01 -9.737959314589637871e-02 -6.402985620031411557e-03 2.032002086398220886e+00 9.740110689405730160e-02 9.952402613729653957e-01 3.137916200923422140e-03 8.880868505654888889e-02 6.066940079075523740e-03 -3.746595923135224212e-03 9.999745773053759779e-01 -9.973493865984281448e-02
9.946931482476889519e-01 -1.026950339383555094e-01 -6.266644516922090236e-03 2.294434651611056530e+00 1.027211108801037720e-01 9.947021893109083690e-01 3.990984796156548178e-03 1.155594800327598287e-01 5.823590701526817556e-03 -4.613521917766579515e-03 9.999724002225537367e-01 -1.115578128521778484e-01
9.943688294647716752e-01 -1.057800006489382494e-01 -6.420471288827481540e-03 2.545307136572152018e+00 1.058067675765429760e-01 9.943787352248957268e-01 3.982319366911463675e-03 1.411337510849992039e-01 5.963130374515806034e-03 -4.639223560819492019e-03 9.999714589331483161e-01 -1.234950947829080714e-01
9.942514055005581275e-01 -1.068595645313663300e-01 -6.721318942853275920e-03 2.807468273986561957e+00 1.068850345484064351e-01 9.942650457829026456e-01 3.550792011464090191e-03 1.673265074007518616e-01 6.303336398350978600e-03 -4.248788355456070698e-03 9.999711074564903157e-01 -1.357105954416514271e-01
9.943710618401729873e-01 -1.057103487440108625e-01 -7.177293589276467420e-03 3.110928592087378153e+00 1.057425564877033097e-01 9.943843893984980475e-01 4.265895922408769608e-03 1.980627677869336856e-01 6.686039357642933889e-03 -5.000828830858177962e-03 9.999651436868749466e-01 -1.500685562669677453e-01
9.946467023128672258e-01 -1.030619455152504693e-01 -7.494862557126278843e-03 3.400811997065403158e+00 1.031062125305560045e-01 9.946535553767871241e-01 5.780459663426299952e-03 2.287203780732777192e-01 6.859046270620830152e-03 -6.522282033781900794e-03 9.999552056573979275e-01 -1.637886683672371280e-01
9.950223618509331791e-01 -9.935212000476222050e-02 -7.723708121740229145e-03 3.736920227175062337e+00 9.941106405087951625e-02 9.950169415874321466e-01 7.663308571674513035e-03 2.638922678332112359e-01 6.923854480161409017e-03 -8.392985437380715355e-03 9.999408072654026869e-01 -1.772848700498733665e-01
9.954567689139417475e-01 -9.489483186375517743e-02 -7.796929457481532010e-03 4.057772414783439530e+00 9.496000848119749704e-02 9.954451123666496759e-01 8.463158665606186626e-03 2.943719896239821998e-01 6.958305301308529908e-03 -9.165105067480118495e-03 9.999337892262845084e-01 -1.889402435406163649e-01
9.959727801299405048e-01 -8.930934434001419620e-02 -7.877960002068005313e-03 4.428644116184282886e+00 8.938502018305426178e-02 9.959485152407621111e-01 9.842416197073067599e-03 3.276151331173722814e-01 6.967022829903588357e-03 -1.050695023678096737e-02 9.999205291369954729e-01 -2.012533645312713226e-01
9.964070897339341037e-01 -8.430974436034339992e-02 -8.048511281323699959e-03 4.779078395951837699e+00 8.439791025894320675e-02 9.963677486076114587e-01 1.132705957090946423e-02 3.583667278410259116e-01 7.064295568237680817e-03 -1.196563999513206196e-02 9.999034549333406519e-01 -2.128802590652067728e-01
9.968581849545870011e-01 -7.884802648110612877e-02 -7.533114168883706975e-03 5.181331015855485056e+00 7.893987054622866872e-02 9.967973171043641445e-01 1.279083467512840550e-02 3.904414361854445792e-01 6.500455921804152576e-03 -1.334531129560435035e-02 9.998898172995023259e-01 -2.260027209045493979e-01
9.972545173251271544e-01 -7.373498838098546670e-02 -6.824892899066777562e-03 5.560410298159847997e+00 7.381552457084113172e-02 9.971946338485432326e-01 1.241493278279875469e-02 4.173493766125734306e-01 5.890331651050015500e-03 -1.288463084941830414e-02 9.998996401044030202e-01 -2.386264973936070843e-01
9.976338452035958815e-01 -6.838995372635119085e-02 -7.037409579899467534e-03 5.951577265309903275e+00 6.847043136890364201e-02 9.975820263254320253e-01 1.191221140684281012e-02 4.422154787723006630e-01 6.205717721905597284e-03 -1.236587974034211897e-02 9.999042824619779335e-01 -2.515628279217807517e-01
9.979932813681615666e-01 -6.291938023633845967e-02 -7.110691575717551470e-03 6.393736842299420076e+00 6.300498130521091367e-02 9.979344980422543143e-01 1.253435071649644690e-02 4.709070657724717668e-01 6.307350849600087961e-03 -1.295720679117086556e-02 9.998961586672041602e-01 -2.674805279818270876e-01
9.982763970824117816e-01 -5.824507797567687883e-02 -7.193463683537838944e-03 6.807080540510358269e+00 5.833881828676355102e-02 9.982042990662092219e-01 1.359263060051685290e-02 4.954299517270874254e-01 6.388842544862428224e-03 -1.398886047344246111e-02 9.998817402441106950e-01 -2.815494170987066225e-01
9.985426079488657347e-01 -5.359003630520235012e-02 -6.384991737272105797e-03 7.277139665848825878e+00 5.368004303247665004e-02 9.984473840546717049e-01 1.487529006151823430e-02 5.225610721311759743e-01 5.577910962842831666e-03 -1.519635756324303963e-02 9.998689702286498449e-01 -2.998196048727890806e-01
9.987328466202358701e-01 -5.004168769055986760e-02 -5.341401962103127163e-03 7.718112782926139559e+00 5.011723167277808838e-02 9.986292516445207657e-01 1.509572288304213139e-02 5.450746042324284835e-01 4.578664794171171185e-03 -1.534429056636307104e-02 9.998717860684526171e-01 -3.165247898060960519e-01
9.988929352514291926e-01 -4.681989429730696456e-02 -4.560855487007487233e-03 8.215151933479001300e+00 4.688184037331966092e-02 9.987939900826090511e-01 1.458281241981746953e-02 5.674332950891312066e-01 3.872589314005031244e-03 -1.478048960116014506e-02 9.998832632758459793e-01 -3.355830789476594300e-01
9.990124268462280410e-01 -4.426285510522574851e-02 -3.869194327451889667e-03 8.678916078680673607e+00 4.431292950434980588e-02 9.989197491044345956e-01 1.398925044010466273e-02 5.860179473901370173e-01 3.245810461553460396e-03 -1.414689036739964420e-02 9.998946595553854788e-01 -3.525318928066088486e-01
9.991283681062053112e-01 -4.165078163567382391e-02 -2.777847110400597473e-03 9.201026519950525895e+00 4.168714676047316492e-02 9.990232077472958050e-01 1.465647219743939668e-02 6.073552607311170082e-01 2.164680207819067934e-03 -1.475949766899102567e-02 9.998887295035165934e-01 -3.722940739166256674e-01
9.992183259263603956e-01 -3.951072083872654572e-02 -1.280652851473566313e-03 9.687560635700535272e+00 3.952607204913959060e-02 9.990928315266346393e-01 1.584940441965622393e-02 6.291830294058596840e-01 6.532696900962373663e-04 -1.588763452801604525e-02 9.998735701616559002e-01 -3.920355921851160774e-01
9.992909588008310751e-01 -3.765075760417644496e-02 1.052365364897108614e-05 1.018230634001260171e+01 3.764523113326446319e-02 9.991489918177931528e-01 1.685611824859791982e-02 6.496545642123892073e-01 -6.451603202589213616e-04 -1.684377040092762887e-02 9.998579254908378511e-01 -4.125543050738552653e-01
9.993452351213242268e-01 -3.617378358345486877e-02 7.472760951771884562e-04 1.073537045096959552e+01 3.615563253832136670e-02 9.991985812755751484e-01 1.717455713058948369e-02 6.708386676164048712e-01 -1.367945926905845665e-03 -1.713629359387167789e-02 9.998522271644971759e-01 -4.368004822880404703e-01
9.993819361257250122e-01 -3.509106215517606570e-02 2.088804064286428272e-03 1.124546637837718421e+01 3.504815052125379027e-02 9.992253131844083258e-01 1.789973844950547982e-02 6.903366271559031597e-01 -2.715306729810487013e-03 -1.781546654855635167e-02 9.998376049444330782e-01 -4.600613508021093034e-01
9.994110294355565971e-01 -3.405912765158927713e-02 4.191666276562087609e-03 1.181220976358348551e+01 3.397752583747908756e-02 9.992568116701892045e-01 1.820307854983647597e-02 7.133668276262592478e-01 -4.808532055083699665e-03 -1.804993502317439602e-02 9.998255237115795113e-01 -4.835919356087278742e-01
9.994184398280908654e-01 -3.358587289339997478e-02 5.896717186145519242e-03 1.233097997376897759e+01 3.347441610507920218e-02 9.992760369076464366e-01 1.807942279421452178e-02 7.372116855285887338e-01 -6.499661376489235948e-03 -1.787151935724330329e-02 9.998191652483234826e-01 -5.051976953355319377e-01
9.994238293128855366e-01 -3.325723119840394426e-02 6.779821132169902738e-03 1.290448208670208885e+01 3.312305350724167180e-02 9.992701780502534215e-01 1.902562970761535049e-02 7.638807883912774876e-01 -7.407612835773706370e-03 -1.879009931934354921e-02 9.997960089136403994e-01 -5.316984704116944904e-01
9.994401706807187757e-01 -3.274913783537110323e-02 6.843917060854899821e-03 1.342854117440453443e+01 3.260017074775016510e-02 9.992509949801788860e-01 2.084893038839434262e-02 7.875241639261828519e-01 -7.521575427630691237e-03 -2.061414568111996637e-02 9.997592124611425213e-01 -5.591317779344275873e-01
9.994652692930546811e-01 -3.192086182304043618e-02 7.087598848423705931e-03 1.400798196421174602e+01 3.175989159989957983e-02 9.992584577328809115e-01 2.176795660751916495e-02 8.133083802766617465e-01 -7.777195029343794523e-03 -2.153121524156416389e-02 9.997379266626312821e-01 -5.905911296778323383e-01
9.994866685174226273e-01 -3.120569279534526203e-02 7.252874816670046992e-03 1.453595175307191489e+01 3.104105042347597709e-02 9.992803289485966411e-01 2.180085697837358394e-02 8.342542371475653029e-01 -7.927965978167455380e-03 -2.156452905924002156e-02 9.997360243793868007e-01 -6.193199686991189834e-01
9.995009559175516145e-01 -3.041659511264894686e-02 8.524661967143782812e-03 1.511967323809529162e+01 3.022792087341300005e-02 9.993128385058864804e-01 2.145049176542452446e-02 8.566915093213703924e-01 -9.171255070685776362e-03 -2.118210421702797566e-02 9.997335677776190144e-01 -6.514845486254712270e-01
9.995222846517149984e-01 -2.946523863223936973e-02 9.327496821840345134e-03 1.565111071398130704e+01 2.924921043022215075e-02 9.993187426641112481e-01 2.250631576754376709e-02 8.768684223629986674e-01 -9.984296361028210942e-03 -2.222274223773903698e-02 9.997031877280425638e-01 -6.800453478107625349e-01
9.995424625935057650e-01 -2.859252884513120360e-02 9.865737010014922342e-03 1.618399076413761861e+01 2.834975685058352748e-02 9.993116486693031097e-01 2.392739267768185032e-02 8.969845048861644354e-01 -1.054309058214118917e-02 -2.363675375510621707e-02 9.996650174497939689e-01 -7.086054198158387996e-01
9.995589112363375550e-01 -2.813212684058111548e-02 9.516638453419334204e-03 1.677294547507831624e+01 2.788705930216664811e-02 9.992991070521739516e-01 2.497211581354618834e-02 9.174117736872190454e-01 -1.021248703818470813e-02 -2.469570983294817890e-02 9.996428497340145158e-01 -7.418236712809350708e-01
9.995888553291650824e-01 -2.714517371741408114e-02 9.233625809019414474e-03 1.731147396647699921e+01 2.691400362980167146e-02 9.993423405024848272e-01 2.430067669079797113e-02 9.340595394279794794e-01 -9.887199317532053763e-03 -2.404217175853869473e-02 9.996620515288093811e-01 -7.720987015012747978e-01
9.996274289499529342e-01 -2.631368556608707637e-02 7.252119885662468290e-03 1.790949435080923990e+01 2.612876825371549666e-02 9.993580332657437948e-01 2.451140177077155632e-02 9.532840362490384578e-01 -7.892449584923164757e-03 -2.431278057223506400e-02 9.996732455859743682e-01 -8.091586446053088411e-01
9.996675824432604829e-01 -2.528853292622380844e-02 5.021425543261082321e-03 1.845555364866396530e+01 2.516210876021793275e-02 9.993995838194510428e-01 2.381890308655880070e-02 9.719999626216827560e-01 -5.620755713086480337e-03 -2.368463560933968190e-02 9.997036786674672326e-01 -8.418375185032244135e-01
9.996900235375438815e-01 -2.447681168062107795e-02 4.554396717065366772e-03 1.906297160719156736e+01 2.435362862467859574e-02 9.993812115337257218e-01 2.537902295585458406e-02 9.914070717882306205e-01 -5.172776074434647271e-03 -2.526023996984128744e-02 9.996675260627152504e-01 -8.761823912705667405e-01
9.997155558446793044e-01 -2.355748295475608087e-02 3.721881110461765403e-03 1.961808752536805045e+01 2.345416743552804564e-02 9.993941003820135949e-01 2.571641793741832188e-02 1.008208701704469412e+00 -4.325440101336880568e-03 -2.562180942990033988e-02 9.996623497208781961e-01 -9.067663577638739314e-01
9.997390637888545761e-01 -2.261063593393961360e-02 3.250150342338774777e-03 2.023531509918097626e+01 2.252190836108791325e-02 9.994301289760664231e-01 2.514320859910490827e-02 1.022307990829583568e+00 -3.816802111680735621e-03 -2.506344823734711971e-02 9.996785761353965682e-01 -9.435452775779631374e-01
9.997611581809109360e-01 -2.151977293950094530e-02 3.811294451513860381e-03 2.079964903164789902e+01 2.142329439443790839e-02 9.994879924136924609e-01 2.376542610886370546e-02 1.033655352444344810e+00 -4.320769613514297003e-03 -2.367809944820177537e-02 9.997102973144109672e-01 -9.740093917816168290e-01
9.997800971706526374e-01 -2.078747041673469423e-02 2.763761044974272132e-03 2.136840820236414729e+01 2.071652639298594140e-02 9.995066461729424923e-01 2.360698604916003362e-02 1.044963634298785138e+00 -3.253127057010859330e-03 -2.354453927750334991e-02 9.997174960130291721e-01 -1.006549276917847013e+00
9.998032109047736427e-01 -1.983256632284914264e-02 4.569218255653028585e-04 2.199675304682972765e+01 1.981608761441163921e-02 9.995205723257230002e-01 2.378966517875197306e-02 1.059575981897532326e+00 -9.285128770531486837e-04 -2.377592922913738735e-02 9.997168814485068999e-01 -1.042750802560412637e+00
9.998165321206629041e-01 -1.915385551686459714e-02 1.786534377835147605e-04 2.257443883522245542e+01 1.914339380232117638e-02 9.995037623799321036e-01 2.501518463033214693e-02 1.072303422821422325e+00 -6.577020153638326282e-04 -2.500717511434316642e-02 9.996870553432506412e-01 -1.077139715438586443e+00
9.998268892720014733e-01 -1.859791561112471639e-02 5.558989067360689150e-04 2.321521769064444385e+01 1.857984053953446249e-02 9.995539939518094386e-01 2.337953593448270639e-02 1.086123150589164865e+00 -9.904616087982672130e-04 -2.336516017295357101e-02 9.997265067386648107e-01 -1.111519618379151364e+00
9.998354397074297184e-01 -1.813313988063762136e-02 5.317359495235834347e-04 2.380303224465798451e+01 1.811824624646668838e-02 9.996214173868226416e-01 2.070630470441307824e-02 1.097695981348644434e+00 -9.070049631545500307e-04 -2.069326314598132072e-02 9.997854600874968023e-01 -1.143111916959611785e+00
9.998379449860502755e-01 -1.779093748839418940e-02 2.750692523033691772e-03 2.445335795965567272e+01 1.773188719723110124e-02 9.996391460008202667e-01 2.017815549488117394e-02 1.110504350024100084e+00 -3.108688227676797630e-03 -2.012611055407828239e-02 9.997926163617472106e-01 -1.173496047721163338e+00
9.998324000784124532e-01 -1.779235854589270027e-02 4.313204239990094807e-03 2.504887703497764306e+01 1.769989810766405686e-02 9.996310581765686099e-01 2.060245460551127228e-02 1.123326939422971904e+00 -4.678179177819714006e-03 -2.052265836016952533e-02 9.997784430229589292e-01 -1.202981741673514460e+00
9.998282557445834495e-01 -1.796287098817495043e-02 4.560074627280420213e-03 2.564631225554682814e+01 1.786454965417862140e-02 9.996249375343964072e-01 2.075673685837303717e-02 1.135678132168692178e+00 -4.931214900769843867e-03 -2.067170832845061437e-02 9.997741562945031690e-01 -1.234388168712602374e+00
9.998263843234398429e-01 -1.816310802276896452e-02 4.159653551742102662e-03 2.630568115075559277e+01 1.808128163409204736e-02 9.996573071304677427e-01 1.892975317140707658e-02 1.149509284161282396e+00 -4.502051219826837258e-03 -1.885125480213381902e-02 9.998121632222719546e-01 -1.271677565672485910e+00
9.998153161863234661e-01 -1.865677880626663912e-02 4.610653296062854935e-03 2.690807301298936949e+01 1.856846272772359752e-02 9.996562792884189363e-01 1.850771382866501710e-02 1.162345132903774614e+00 -4.954362842142184462e-03 -1.841868300961431448e-02 9.998180866562774716e-01 -1.305474283996379992e+00
9.998075050333683489e-01 -1.903237124368981764e-02 4.766730933621582227e-03 2.757351736676927700e+01 1.894460473794899388e-02 9.996616065741490420e-01 1.782622486434188094e-02 1.178660125076516740e+00 -5.104393232702511378e-03 -1.773248957235183665e-02 9.998297374969861151e-01 -1.342876466365291677e+00
9.997998790727448126e-01 -1.944445575803328136e-02 4.702653123376739595e-03 2.817968302876489872e+01 1.935765325166219700e-02 9.996532974523294479e-01 1.784842159051741942e-02 1.193571729453977159e+00 -5.048075545525618560e-03 -1.775381741931352300e-02 9.998296449397408026e-01 -1.375999922928526908e+00
9.997899124096593093e-01 -1.990152917980756928e-02 4.905117755067637392e-03 2.884831759110747740e+01 1.980800640423104747e-02 9.996339312189380655e-01 1.842949912670271972e-02 1.211369311114773639e+00 -5.270097359229414941e-03 -1.832846671373413588e-02 9.998181301525530529e-01 -1.412782847181546675e+00
9.997787254548586855e-01 -2.028397603547988509e-02 5.573189755465186163e-03 2.945661059022960160e+01 2.017972870902287261e-02 9.996313448695102188e-01 1.816460579271443262e-02 1.228486218771470684e+00 -5.939585599062013367e-03 -1.804812097052079303e-02 9.998194770319013269e-01 -1.446466624643544252e+00
9.997610980697630989e-01 -2.091773801077397368e-02 6.339954483610570936e-03 3.012782769402610938e+01 2.080820914643521230e-02 9.996410491663458853e-01 1.687575935255743523e-02 1.243488842815194673e+00 -6.690681464533044381e-03 -1.673980460220005767e-02 9.998374936575543659e-01 -1.484803058337694104e+00
9.997510197214251049e-01 -2.095329674558552707e-02 7.671891648236110750e-03 3.074119620635547534e+01 2.082660093872850185e-02 9.996512349917752172e-01 1.623764369475055522e-02 1.258197451383183507e+00 -8.009448127667521261e-03 -1.607382141589706534e-02 9.998387274984800177e-01 -1.518226155710757475e+00
9.997236935179968365e-01 -2.159353151406085899e-02 9.287411667722463016e-03 3.141738705147005817e+01 2.143192162247061286e-02 9.996229976282088314e-01 1.716203217461052810e-02 1.274889909000550992e+00 -9.654499174103728376e-03 -1.695824311493808120e-02 9.998095861893663283e-01 -1.555874430398427544e+00
9.997038186318267794e-01 -2.286231055674719723e-02 8.342048246724942037e-03 3.203180387412717067e+01 2.269969195172542517e-02 9.995599774443167940e-01 1.909385966256186076e-02 1.291342244100009307e+00 -8.774907306668250015e-03 -1.889884249163621688e-02 9.997828938095687512e-01 -1.589488968447895445e+00
9.996888471498542872e-01 -2.400567277755022780e-02 6.777651414203336548e-03 3.264665481720552265e+01 2.386243822641264181e-02 9.995055074664050965e-01 2.047741649268036354e-02 1.309263559628639939e+00 -7.265874075836618526e-03 -2.030931359798347421e-02 9.997673423627582157e-01 -1.623945919141728922e+00
9.996792447842252072e-01 -2.485009561883763304e-02 4.886746911372707308e-03 3.332445886026327031e+01 2.474503382283548339e-02 9.994836305151462152e-01 2.049769824563968737e-02 1.330311697365521129e+00 -5.393593305757716366e-03 -2.037020078441046170e-02 9.997779573841657497e-01 -1.664172309005985673e+00
9.996637353941033588e-01 -2.582497736251542636e-02 2.342366780330977592e-03 3.394282379205113642e+01 2.576957083705922608e-02 9.994428579740294305e-01 2.121091378460180851e-02 1.348746290942883785e+00 -2.888833117683048141e-03 -2.114341951836523278e-02 9.997722792987852047e-01 -1.703466453320422458e+00
9.996757102231741410e-01 -2.531268196673816875e-02 2.782538668781420199e-03 3.462666384244487716e+01 2.523653952983542087e-02 9.993776909526711494e-01 2.464442936378269389e-02 1.374198461441916486e+00 -3.404623672530489049e-03 -2.456621578017632521e-02 9.996924074833668517e-01 -1.739676527543640328e+00
9.996926662193521551e-01 -2.425223023615058135e-02 5.138330061025863163e-03 3.525237149459318431e+01 2.409240970001429519e-02 9.992841913375295482e-01 2.916608883183346990e-02 1.394852658146768620e+00 -5.841994701295213401e-03 -2.903333035448193294e-02 9.995613722160523462e-01 -1.769103198077628836e+00
9.997023718555592131e-01 -2.367813353385375685e-02 5.874836059190680602e-03 3.594178076660126209e+01 2.349263030324701129e-02 9.992780841355900501e-01 2.985643796134625563e-02 1.411655031225203638e+00 -6.577539646732741448e-03 -2.970953649348546596e-02 9.995369324910099440e-01 -1.803915589063457059e+00
9.997069772980043956e-01 -2.361306495117057591e-02 5.327542144298918515e-03 3.656956579316948819e+01 2.344092176440828318e-02 9.992646712747440541e-01 3.034204885983679892e-02 1.425495328946663642e+00 -6.040093420004147631e-03 -3.020827545209472248e-02 9.995253760488964634e-01 -1.836903906923926355e+00
9.997274094674559741e-01 -2.310437291967274570e-02 3.360760550625618848e-03 3.726066364139094844e+01 2.298089367645721193e-02 9.991899128902002047e-01 3.303629071650588528e-02 1.442403802183227945e+00 -4.121320822421332790e-03 -3.295005205554023264e-02 9.994485023172607896e-01 -1.875898156810241524e+00
9.997432677265000178e-01 -2.263670063787622672e-02 9.891510355299619646e-04 3.789039955186171227e+01 2.259080878765793929e-02 9.991820405448921250e-01 3.353960659973734965e-02 1.458791703416933982e+00 -1.747567984198338496e-03 -3.350865017837693915e-02 9.994368996436762131e-01 -1.912768777448429436e+00
9.997581302123207392e-01 -2.198308048654234320e-02 6.521094132140445787e-04 3.852051742900940923e+01 2.194812444946303912e-02 9.991787508439363696e-01 3.406029499434697072e-02 1.473340753550846038e+00 -1.400324075164914323e-03 -3.403774425947251464e-02 9.994195670779170149e-01 -1.947754192305692023e+00
9.997691697676049927e-01 -2.121262576483088844e-02 3.410526404437768527e-03 3.921678281967096069e+01 2.109253347335188211e-02 9.992634101511691513e-01 3.205841800107449291e-02 1.488462361381783117e+00 -4.088057468978419443e-03 -3.197908130664972592e-02 9.994801779649824525e-01 -1.982348951989761909e+00
9.997728336298578045e-01 -2.061857962636317806e-02 5.399565715518691439e-03 3.984946212540636878e+01 2.044176813006332721e-02 9.993111065977056118e-01 3.097493093109044207e-02 1.501108769602338855e+00 -6.034505070145828286e-03 -3.085751779810575260e-02 9.995055769448701888e-01 -2.011881724520225401e+00
9.997745578362564611e-01 -1.977246243677042992e-02 7.738425712291067439e-03 4.054537916883074899e+01 1.952111713142216237e-02 9.993191013100740649e-01 3.130909999931393711e-02 1.516039175963298735e+00 -8.352214632027035041e-03 -3.115097889332279005e-02 9.994797932048091749e-01 -2.044567145105277817e+00
9.997871162413505264e-01 -2.000014078326566719e-02 5.071150407358159320e-03 4.117433507082508015e+01 1.981445167456449483e-02 9.992135328707352215e-01 3.434680818970650001e-02 1.529611405697631321e+00 -5.754103113505185281e-03 -3.423901424740041777e-02 9.993971083611986606e-01 -2.080498248338811695e+00
9.998103036471173155e-01 -1.926751807546456599e-02 2.849468068076728682e-03 4.186635304008684955e+01 1.916192441024292675e-02 9.992605853914809932e-01 3.333321370601754347e-02 1.544015548630736534e+00 -3.489609427354720041e-03 -3.327228922521776461e-02 9.994402320277875340e-01 -2.119808945117668930e+00
9.998140999827053177e-01 -1.923544064681250582e-02 1.327892652261319830e-03 4.249296724736199593e+01 1.917996208774275582e-02 9.992508711968981494e-01 3.361287649923597881e-02 1.555266222278603783e+00 -1.973456380497786659e-03 -3.358115893418649189e-02 9.994340454650076921e-01 -2.154711541838884692e+00
9.998340785843455869e-01 -1.820466306905402579e-02 6.368233154532571688e-04 4.318113286544441820e+01 1.817406084978866188e-02 9.992986444137160751e-01 3.274023190415269874e-02 1.568812114295731419e+00 -1.232401566481307548e-03 -3.272322593284070907e-02 9.994636920223399779e-01 -2.189409860583183320e+00
9.998484836341278159e-01 -1.717510947091723666e-02 2.832911787750115162e-03 4.380414328049115369e+01 1.706170495290014119e-02 9.992022663544960492e-01 3.610718953531137643e-02 1.583751095646745322e+00 -3.450796811658428300e-03 -3.605338440009095424e-02 9.993439075086532064e-01 -2.217539290283152997e+00
9.998590901746741144e-01 -1.649257413858140273e-02 3.129663457365660512e-03 4.442405273853905356e+01 1.636668350195813817e-02 9.991921267504266790e-01 3.670457071137181448e-02 1.596440810202819804e+00 -3.732487939660412892e-03 -3.664817646544987761e-02 9.993212595034378642e-01 -2.248852115782978611e+00
9.998604303445053354e-01 -1.601654562494060630e-02 4.752904116970672367e-03 4.510172555797842620e+01 1.581501588709269268e-02 9.990834156049422932e-01 3.977705287792594746e-02 1.610583668825998682e+00 -5.385638661470843261e-03 -3.969633395423945860e-02 9.991972758003304644e-01 -2.279965115064336967e+00
9.998699698191638729e-01 -1.481423235576640601e-02 6.370398224128467728e-03 4.571103518382773245e+01 1.454385381110330500e-02 9.990705067978110643e-01 4.057830409327548710e-02 1.623349317089237687e+00 -6.965613407724669838e-03 -4.048037754856598919e-02 9.991560535088497286e-01 -2.307942376321950206e+00
9.998733062510014591e-01 -1.430519867213226465e-02 6.980883729305564951e-03 4.637254318605805992e+01 1.400037908698848442e-02 9.990230029555218216e-01 4.191692917130611373e-02 1.634573487293638827e+00 -7.573693426055453336e-03 -4.181388353983043343e-02 9.990967111902657738e-01 -2.341357436991313712e+00
9.998817684950825901e-01 -1.353138475816882506e-02 7.304153453513167853e-03 4.696426189087434722e+01 1.321361708797425677e-02 9.990332543691274880e-01 4.192799766364449510e-02 1.644663955434719105e+00 -7.864436063601154547e-03 -4.182652616649602112e-02 9.990939357008652433e-01 -2.372000001463186347e+00
9.998884890728606534e-01 -1.286052547432842315e-02 7.590540436383031060e-03 4.760384274794860460e+01 1.252182444785467953e-02 9.989923667379149164e-01 4.309820311656289288e-02 1.655324642972710869e+00 -8.137157494440497990e-03 -4.299834978116660184e-02 9.990420054151911700e-01 -2.402808004190964741e+00
9.998911620377435305e-01 -1.236749091318178374e-02 8.044205823044912190e-03 4.817397414764106145e+01 1.200528974392307477e-02 9.989762840091732654e-01 4.361487137878874987e-02 1.664602262220034712e+00 -8.575377366367141832e-03 -4.351355140339839556e-02 9.990160327778969673e-01 -2.429416436411964586e+00
9.998830947067397501e-01 -1.237772206127682982e-02 8.977132963645165914e-03 4.878811776562204727e+01 1.198539964798120243e-02 9.990240287569668309e-01 4.251282349453189280e-02 1.673468248617079546e+00 -9.494583453283220870e-03 -4.240025899417157462e-02 9.990555895055468483e-01 -2.457752379758495920e+00
9.998628109195953906e-01 -1.368550250571721506e-02 9.330935705050846102e-03 4.933263544251952482e+01 1.327842166967548379e-02 9.990135185448425492e-01 4.237538533884753489e-02 1.681246348266416613e+00 -9.901659352254102778e-03 -4.224567179983682030e-02 9.990581866719535631e-01 -2.483731806762567551e+00
9.998254301221445317e-01 -1.630184201163812491e-02 9.130127496180175106e-03 4.986384580199013783e+01 1.590479150656403870e-02 9.989913813167047296e-01 4.199116171380403578e-02 1.690005510812556455e+00 -9.805451963150271094e-03 -4.183861854757755377e-02 9.990762649116574634e-01 -2.509686779294077130e+00
9.997444083259152681e-01 -2.092017110440876765e-02 8.571141232544375252e-03 5.043422685917138892e+01 2.054299037758842289e-02 9.989083291011547905e-01 4.195396999909963009e-02 1.699161453910999597e+00 -9.439468597981332323e-03 -4.176717004180795223e-02 9.990827793227576858e-01 -2.538404702187701201e+00
9.995898553529706243e-01 -2.759086213624790951e-02 7.672379162025590865e-03 5.094646535496163153e+01 2.724503496315465803e-02 9.987452841135870951e-01 4.201863313729550103e-02 1.710694905172032376e+00 -8.822082820049129484e-03 -4.179236518131878436e-02 9.990873680851276584e-01 -2.566660333246540304e+00
9.992395748738635008e-01 -3.849613634711781390e-02 6.190274004007912875e-03 5.150508797819737339e+01 3.822110103611037202e-02 9.984811670223933122e-01 3.968005213185715752e-02 1.728967562175444117e+00 -7.708400708838940470e-03 -3.941327933506130754e-02 9.991932615718384092e-01 -2.600266048239957772e+00
9.985745795037498374e-01 -5.303235420363655583e-02 6.031465537435881132e-03 5.200923345928698893e+01 5.276475270402689044e-02 9.978771368384420359e-01 3.817198772917633487e-02 1.750060259379577987e+00 -8.043011935346813107e-03 -3.779932780795890179e-02 9.992529813697201835e-01 -2.628902405576190038e+00
9.972665924402441817e-01 -7.351999380774947024e-02 7.358947827814181150e-03 5.255870668570502602e+01 7.320414368110100822e-02 9.966453070125594893e-01 3.659624786446943195e-02 1.783567011352142684e+00 -1.002481673352396095e-02 -3.595750992976896876e-02 9.993030373861122584e-01 -2.659438935468585008e+00
9.952742210927433275e-01 -9.670579910220014619e-02 8.787106932203053722e-03 5.305370210592730018e+01 9.634636555986705875e-02 9.947387085687499075e-01 3.481780461746591254e-02 1.818902132498819268e+00 -1.210795902031151089e-02 -3.380665755410403733e-02 9.993550456336234289e-01 -2.688089190259312034e+00
9.922094028588434034e-01 -1.242136111640738255e-01 9.564501036529666003e-03 5.354334240449610860e+01 1.238440335633542166e-01 9.917664700993942262e-01 3.258717749892218324e-02 1.862688245043721436e+00 -1.353352242604682204e-02 -3.114879753967601458e-02 9.994231317027716388e-01 -2.719506343511789215e+00
9.872425748859359196e-01 -1.589274305736704807e-01 9.704130246372212609e-03 5.407381000182909503e+01 1.585437808497704160e-01 9.868263179851445299e-01 3.221316013281738666e-02 1.929125898975099229e+00 -1.469584589084264696e-02 -3.026367365561715914e-02 9.994339108567502628e-01 -2.753120272034587757e+00
9.809060757341657721e-01 -1.941227106054844997e-01 1.181709841621727056e-02 5.454937063043537648e+01 1.936514505142968301e-01 9.805217729642494717e-01 3.280500658060825359e-02 2.005517621217141500e+00 -1.795511908922084107e-02 -2.989023202024725795e-02 9.993919089767874242e-01 -2.783603175941121943e+00
9.719339717028955272e-01 -2.349026416090699843e-01 1.284926515082676288e-02 5.506425417626545027e+01 2.343912281356560212e-01 9.715977138081977049e-01 3.253666694273274484e-02 2.107548041966938790e+00 -2.012726565866107195e-02 -2.861173688828157202e-02 9.993879435381143317e-01 -2.818717328372706277e+00
9.615489283185961744e-01 -2.742572773915885054e-01 1.437373462648517709e-02 5.552649894425716326e+01 2.737025712811773093e-01 9.612816442155917018e-01 3.200785791396790203e-02 2.209557938243893016e+00 -2.259559522188791386e-02 -2.684299334876744450e-02 9.993842568224928780e-01 -2.853298547661454521e+00
9.491834272119079596e-01 -3.141312144793450556e-01 1.929770960472879798e-02 5.598066521828739894e+01 3.134613099832972982e-01 9.490839643233661693e-01 3.133106777303553553e-02 2.333170612955070222e+00 -2.815721310449545434e-02 -2.368984495464289408e-02 9.993227519656562308e-01 -2.885373968238471587e+00
9.333274800780297920e-01 -3.583430435789386470e-01 2.213770651576182913e-02 5.647010181154584529e+01 3.575759601223388318e-01 9.333251981561142552e-01 3.230336250976865997e-02 2.489390680831983893e+00 -3.223736456012962076e-02 -2.223370426700939026e-02 9.992329131492737604e-01 -2.925344901575315681e+00
9.167438220135242233e-01 -3.987916415357647404e-01 2.336645974995161038e-02 5.690375688432881418e+01 3.979853810074110987e-01 9.168078753667150416e-01 3.272546668812655046e-02 2.652906916107289348e+00 -3.447319689877698795e-02 -2.070136002247057253e-02 9.991911991149632355e-01 -2.960606512872372864e+00
8.959941018025523451e-01 -4.434646421409808581e-01 2.310153037808512083e-02 5.736865858631033177e+01 4.427071625358961482e-01 8.961094815315088224e-01 3.159375490102529771e-02 2.844986856680750353e+00 -3.471221362076334915e-02 -1.808060508119526885e-02 9.992337834288050891e-01 -3.002773581277969228e+00
8.746534578891995704e-01 -4.842133548965082412e-01 2.277620561758631271e-02 5.777975085929158894e+01 4.835694092445175785e-01 8.748373783110272583e-01 2.863892373670666458e-02 3.037009468726182160e+00 -3.379282535353809319e-02 -1.403525738120768758e-02 9.993303040060720344e-01 -3.044240712254385972e+00
8.491084167804306970e-01 -5.277094292146707888e-01 2.318738602250812117e-02 5.821994407814801065e+01 5.271522433941278063e-01 8.493653112139736283e-01 2.625034077736956503e-02 3.266782418892997697e+00 -3.354711369356246781e-02 -1.006610273720825663e-02 9.993864441438632396e-01 -3.091049905839969192e+00
8.245124479500910430e-01 -5.653039973500147974e-01 2.471060006238199117e-02 5.860632649276789152e+01 5.648189014829094745e-01 8.248610866686592047e-01 2.416187549504558718e-02 3.497520189291586590e+00 -3.404161722051371464e-02 -5.964753129267246802e-03 9.994026165750810042e-01 -3.132432926709876497e+00
7.983810903530683678e-01 -6.015847278836194967e-01 2.614287175956940198e-02 5.898084862815868235e+01 6.013185998408745458e-01 7.988077845348459105e-01 1.794616538264709113e-02 3.742473355027697846e+00 -3.167926848991444583e-02 1.392315956429537437e-03 9.994971162560806199e-01 -3.170863879269397057e+00
7.673145361432559541e-01 -6.406538028360427850e-01 2.812663390768532432e-02 5.938185664873032010e+01 6.406249616116793666e-01 7.677721098898893093e-01 1.120918530769659562e-02 4.027619958308471304e+00 -2.877605225347379739e-02 9.417652942457655635e-03 9.995415182121054620e-01 -3.212557994209777057e+00
7.376439168884534325e-01 -6.745035545235744667e-01 3.043693171993086533e-02 5.973501893545820707e+01 6.746584839505698206e-01 7.381022556207257335e-01 6.402365275074671513e-03 4.302259901669355457e+00 -2.678398609205118186e-02 1.581186841141887095e-02 9.995161844144198060e-01 -3.252589877543892616e+00
7.027485073592281140e-01 -7.107569973931600060e-01 3.112918343028815704e-02 6.010638652500409762e+01 7.110385265139650413e-01 7.031476437607447894e-01 2.757695879193949959e-03 4.623475543518920539e+00 -2.384846362402253186e-02 2.019608205500078926e-02 9.995115652419441776e-01 -3.298984956302682292e+00
6.690568100477043423e-01 -7.425517571212760792e-01 3.130292198654489877e-02 6.042965236923842554e+01 7.429217836347884463e-01 6.693781755236595243e-01 -2.855407529894680671e-04 4.934324553037082062e+00 -2.074146402005085099e-02 2.344666562055832543e-02 9.995099026730963621e-01 -3.339719504232536273e+00
6.305357746185181744e-01 -7.752707606057046563e-01 3.714679900176416638e-02 6.077110180990205635e+01 7.759086147546878642e-01 6.308275305429902335e-01 -4.737959317503159969e-03 5.292388166730520815e+00 -1.976002215806015039e-02 3.180997420440253437e-02 9.992985875429966081e-01 -3.380248787624754225e+00
5.941228171552138670e-01 -8.030302544805580922e-01 4.648105554355112801e-02 6.106770115684071953e+01 8.041276602409264118e-01 5.943791498874035906e-01 -9.598552733645416765e-03 5.635428868232062349e+00 -1.991944203550079576e-02 4.307942163049060386e-02 9.988730546275520483e-01 -3.413330101006885275e+00
